053251788903706
434424515030834
653284930109
545217241575008
545217241578115
545217241578931
545217241579266
545217241582501
545217241582495
545217241583140
545217241585649
545217241585779
545217241586660
545217249286838
545217241588596
655094691762
568030953582
053251788913576
648960084703
655767151256
644279465985
648960084806
653284930212
652370566576
003251888818837
545217241572618
545217241576425
545217241577347
545217241579341
545217241582679
545217241583133
545217241583577
545217241584567
545217241585786
545217249285305
545217241586455
545217241587407
545217241588756
653287044603
654537717506
648960085283
644279466076
644279466054
053251788883398
648960085136
648960084817
652370566852
053251788903713
053251788905472
781686922541
003251888820922
545217241572434
545217241574674
545217241574018
545217241581429
545217241583294
545217241585878
545217249286005
545217249286845
545217241587025
655094691729
053251788913279
648960085310
053251788883794
053251788905359
434424515031763
003251888820915
545217241572427
545217241573233
545217241574001
545217241580651
545217241581917
545217241582686
545217241583690
545217241584550
545217241586653
545217241587117
545217241587667
545217241587803
545217241588565
434424515030155
648960084520
655767151278
648960085364
654282401926
053251788904581
651771318227
545217241572601
545217241574230
545217241578108
545217241581412
545217241583911
545217249286395
545217249286401
545217241586462
545217241586554
545217241587018
545217241588046
545217241588916
545217241588923
653828207781
655094691751
648960084622
644279465893
648960084997
653284930201
568030952483
053251788904826
545217241574667
545217241575015
545217241574223
545217241576432
545217241582907
545217241583027
545217241585564
545217241585632
545217241585885
545217249285992
545217241588053
545217241588558
545217241588602
568030954913
774862855606
099671687957761
053251788896428
053251788896824
568030702211
868171100181152
053251788904567
653284930083
545217241572212
545217241572205
545217241574216
545217241578924
545217241579358
545217241580668
545217241581924
545217241582891
545217241583584
545217241583706
545217249285299
545217241587124
545217241587391
545217241587650
545217241588763
655094691730
053251788913903
099671687957723
053251788901627
651771318216
653284930061
003251888820939
003251888818820
545217241573226
545217241574209
545217241577354
545217241579273
545217241583010
545217241583300
545217241583928
545217241584529
545217241584512
545217241585557
545217241586561
545217241587810
655094691718
655094691740
648960084471
648960084747
644279466168
644279466102
644279466179
781713992214
053251788917994
648960084828
648960085000
